time,x,y,z,phi,theta,psi,x_velocity,y_velocity,z_velocity,phi_velocity,theta_velocity,psi_velocity,rotor_speed1,rotor_speed2,rotor_speed3,rotor_speed4
0.06,-1.87404914027e-08,7.76448608649e-07,10.0038831638,0.000582175996126,2.26516837598e-05,0.0,-1.84056710366e-06,6.20449924484e-05,0.129432137396,0.024220518924,0.00112215716358,0.0,445.73948483840826,445.8311549896224,445.5068420600093,447.48241017314035
0.12000000000000001,-1.35695187065e-06,2.21044211689e-05,10.0146845834,0.00166014665766,0.000516286176423,0.0,-7.43315425643e-05,0.000782813898662,0.230599319422,0.000943002156901,0.0195942489761,0.0,436.6168753991113,438.15492947441953,438.17746684637876,436.23836462160375
0.18,-2.68342086313e-05,0.000116879387596,10.0395452655,0.00143670927131,0.00165751877737,0.0,-0.000938902084778,0.00236743275698,0.597971302404,-0.0152413226841,0.0178477925901,0.0,513.4647622575183,513.3407685728741,516.9499542350627,515.8085282803581
0.23999999999999996,-0.000123303814208,0.000286293948925,10.0794354328,0.000322407081935,0.00259718101397,0.0,-0.00238459479353,0.00317217220258,0.731624311542,-0.0262399983933,0.0108835682064,0.0,448.4476926680044,447.8816276548823,447.96503674811663,447.06994637646505
0.3,-0.000345990895976,0.000477454016457,10.1344786113,6.28159290173,0.0039523575741,0.0,-0.00518980644612,0.00295681592597,1.10286564461,-0.0467705306965,0.0392735985181,0.0,515.3161452437424,517.3187851738874,517.2598924745587,515.8119664770578
0.36000000000000004,-0.00075742996901,0.000607027575451,10.2058133616,6.2790894093,0.00611264713392,0.0,-0.00877953584436,0.00106535474622,1.27478145087,-0.0331761707243,0.0285019884201,0.0,461.1614765124103,460.3104696886048,459.474225131744,460.54967520464766
0.4200000000000001,-0.0014070680528,0.000585853299257,10.2837499995,6.27732615518,0.00784165946889,0.0,-0.0130369522119,-0.00194712749554,1.32304968772,-0.022722285833,0.02943921505,0.0,421.2388568521017,421.320175132165,421.90799348899725,422.8091781242106
0.48000000000000015,-0.00237269771022,0.000331835766297,10.367919643,6.27594231171,0.00967655659046,0.0,-0.0193487066358,-0.00667108476499,1.48240927736,-0.0237564374677,0.0327733909851,0.0,457.1780556504552,457.44389186404885,456.89254563110757,456.81006774482745
0.5400000000000001,-0.00376496040774,-0.000241120613537,10.4622441578,6.27474265381,0.0112506452569,0.0,-0.0272646751256,-0.0125738265653,1.66149486638,-0.0133696581312,0.00807714228744,0.0,465.3796063402853,463.44280280832135,462.0999353669994,462.91794583058163
0.6000000000000002,-0.00563255466029,-0.00117102649915,10.5646910029,6.27378496729,0.0112605685586,0.0,-0.0350207836555,-0.0185099457895,1.75326221571,-0.0217267214397,-0.0245063426183,0.0,437.6382237093973,434.91790683168233,438.11070641368127,437.41543921020326
0.6600000000000003,-0.00798738608908,-0.00250382862444,10.6752687565,6.27214723117,0.0101015752946,0.0,-0.0433228819594,-0.026077444273,1.93237739896,-0.0417835584112,-0.0105588424145,0.0,463.87474176320285,464.9686634924948,464.9268901951374,463.3526850103816
0.7200000000000003,-0.010820077294,-0.00433690903706,10.7969222349,6.26994180073,0.00939768471701,0.0,-0.0510199258219,-0.0352913377488,2.12240284594,-0.0282360067236,-0.0141864881535,0.0,468.53707189912086,468.25510086775074,467.3592968000368,468.41336975706
0.7800000000000004,-0.0140779184837,-0.00674288252562,10.9278892731,6.26828682478,0.00845663143913,0.0,-0.0574788349525,-0.0450805358587,2.24293452417,-0.0263079589107,-0.0188616864399,0.0,448.52833531306516,448.14859790465823,447.0356895306742,447.19257680638674
0.8400000000000004,-0.0177242600771,-0.00981178360971,11.0687649883,6.26648126742,0.0069995895634,0.0,-0.0639132315245,-0.0574081168849,2.45249512013,-0.0390036390061,-0.0382642057646,0.0,475.6327547570108,474.1444402437595,475.75856204649534,474.7853039654269
0.9000000000000005,-0.0217002898781,-0.0136235898362,11.2196890384,6.26416171108,0.00490472620297,0.0,-0.0683880278245,-0.069893826593,2.57802878012,-0.0379794515914,-0.0289405443179,0.0,450.8440832260153,451.59623778327165,450.1146058891826,450.1967673117474
0.9600000000000005,-0.0259100100033,-0.0182642457009,11.3797190519,6.26221752866,0.00375506657825,0.0,-0.0717760362987,-0.0850243039589,2.75588911881,-0.0230977305414,-0.00455770425511,0.0,465.782863642628,467.68579208602273,467.0060554346763,468.16499216532947
1.0200000000000005,-0.0302870434523,-0.0237688365145,11.5464025154,6.26047490123,0.00314036433781,0.0,-0.0740864430279,-0.0986027757378,2.80011527178,-0.0448912752145,-0.0251549225717,0.0,427.45326063839667,425.6944652986967,427.0600069583347,425.19663996685955
1.0800000000000005,-0.0348023057845,-0.0302505399646,11.7211605759,6.2584832009,0.0016702719074,0.0,-0.0762415142226,-0.117714900972,3.02458060609,-0.0165161463373,-0.0232259389909,0.0,482.1570985225607,482.30277412417774,480.5552685410031,482.70082087491215
1.1400000000000006,-0.0394062669943,-0.0378303109592,11.9057431602,6.25758156382,0.000135275584375,0.0,-0.0770740298462,-0.135034245788,3.12789207139,-0.0122045916631,-0.0307717461088,0.0,446.64727468697595,446.03131087856224,446.91763412665097,447.26902391009156
1.2000000000000006,-0.0440258505091,-0.0465721409801,12.1005999891,6.25660177594,6.2814935477,0.0,-0.076687402138,-0.156445886955,3.36666021718,-0.0262156512695,-0.0298159834211,0.0,487.37698520576123,487.4481994374788,488.5987797345386,487.553178672952
1.2600000000000007,-0.0485909660365,-0.0564417371939,12.3028935705,6.25482980072,6.2794847163,0.0,-0.0753160748273,-0.172687487526,3.37642476571,-0.0371652886475,-0.0420564384354,0.0,418.92685833755405,417.8605549803809,419.3560837534305,418.4034839595881
1.3200000000000007,-0.0530220273836,-0.0674103640541,12.5089596258,6.2534046711,6.27674000728,0.0,-0.0721141805832,-0.193105539068,3.4920896667,-0.00535917326342,-0.0543869893907,0.0,454.6306266424238,453.6403279587071,449.88193116811857,452.4497942170252
1.3800000000000008,-0.0571924567617,-0.0796608873025,12.7230640555,6.2529116764,6.27350337976,0.0,-0.0665471956255,-0.215275498954,3.64424704565,-0.014651000795,-0.0530721414764,0.0,464.76581505967124,464.86707187634676,464.54260259011573,463.813509190717
1.4400000000000008,-0.0609874993419,-0.0931650539776,12.943345056,6.25169724767,6.27024426105,0.0,-0.0596496010364,-0.234954993446,3.6982719823,-0.0348019471056,-0.0569349880069,0.0,435.83619393810494,435.5111680411851,435.22491661766855,433.534929556998
1.5000000000000009,-0.0643172228357,-0.107849490823,13.1659770286,6.24950065951,6.26692868248,0.0,-0.0510368625227,-0.254718323727,3.72270180129,-0.0404946744767,-0.0521046814073,0.0,426.3007830835365,426.71115023329423,425.3786050264285,424.89011530000386
1.560000000000001,-0.0669930289198,-0.123917582263,13.394657694,6.24732465654,6.26394891227,0.0,-0.0378210460485,-0.281124644499,3.89938316877,-0.0289275522053,-0.0451803050888,0.0,473.21747159144155,473.7488226854339,472.7688040093931,473.65871627255615
1.620000000000001,-0.0688945675009,-0.141460274706,13.6296002563,6.24586640018,6.26106654096,0.0,-0.0253090137331,-0.303774026693,3.93191029996,-0.0163723949006,-0.0544759236293,0.0,429.8672032257535,429.0771886860655,429.9789401753349,431.0412252792366
1.680000000000001,-0.0699937286064,-0.160380485817,13.866319321,6.24455290855,6.2578187014,0.0,-0.0110346823938,-0.326998611984,3.95861874236,-0.0362065747047,-0.0534491835391,0.0,428.6694288955911,428.7546122835262,428.86871599129444,427.1805071765248
1.740000000000001,-0.0700773935112,-0.180871845484,14.1084573812,6.24216232172,6.2542225281,0.0,0.00860024969516,-0.356275302406,4.11208532149,-0.0483411380693,-0.0778746117792,0.0,468.43963425972464,466.53371617219966,469.2955751142487,468.351929515068
1.8000000000000012,-0.0690479636449,-0.202966267366,14.3547569608,6.23944934191,6.25018541439,0.0,0.0260815325644,-0.380446163297,4.09792462004,-0.0396046101572,-0.0517869997724,0.0,414.85114156790627,417.1317186021581,416.28250352327206,417.0450131797401
1.8600000000000012,-0.0668736880814,-0.226596498309,14.6011114916,6.23702175155,6.24689666355,0.0,0.0466783474633,-0.407441275932,4.11380922562,-0.0422271392377,-0.0616758075465,0.0,426.3879122429955,425.5399912604669,426.66108182795756,426.43617513507746
1.9200000000000013,-0.0633461474195,-0.251961460629,14.849920095,6.234230619,6.24311491563,0.0,0.0712602061665,-0.43830299408,4.17953772933,-0.0568910813011,-0.0658818907851,0.0,442.26396055076253,441.9144525000566,443.5343501195295,442.3269229681497
1.9800000000000013,-0.0582494103575,-0.279258937786,15.103130269,6.23107549947,6.23887998649,0.0,0.0990227951147,-0.471922627588,4.26045834048,-0.0451295587643,-0.082194215932,0.0,448.7621448712376,447.4320830127297,447.1797119843003,448.1350285389987
2.0400000000000014,-0.0514444127969,-0.308581631879,15.3601783825,6.22824057187,6.23442489617,0.0,0.128241375913,-0.505752000319,4.30758869224,-0.0518636857097,-0.0618298500039,0.0,437.5859845380069,439.27352774422906,437.68672471887106,437.1244622648447
2.1000000000000014,-0.0428075807736,-0.339986918685,15.6199985875,6.22523379849,6.23096710953,0.0,0.15998011714,-0.541368699671,4.35286471597,-0.0468241318478,-0.0503341465294,0.0,436.9577171522895,437.91270232661145,437.9668648802217,438.38423187068673
2.1600000000000015,-0.0322240083075,-0.373562059517,15.882124157,6.22233780746,6.22763581627,0.0,0.193088390512,-0.578058154128,4.38448485831,-0.0513186083801,-0.0687031777124,0.0,435.0266167079778,433.48331299550233,433.7016846815517,433.3224913189071
2.2200000000000015,-0.0192169871206,-0.409797644118,16.1527081874,6.21910356964,6.22334307686,0.0,0.240944437342,-0.630124623277,4.63392538193,-0.0596511559616,-0.0779379841876,0.0,500.6384825051179,499.96270411217927,499.46781882843214,498.858104217244
2.2800000000000016,-0.00352446150411,-0.448925273006,16.4333755441,6.21534835514,6.21833126406,0.0,0.282598978681,-0.674471936837,4.72121593165,-0.0692181794673,-0.0980900089501,0.0,454.7138275197639,453.0906499230677,454.69068629886084,453.9207324026244
2.3400000000000016,0.0146462176319,-0.490659725554,16.7173404338,6.21101553712,6.21231690964,0.0,0.323622034883,-0.717051924212,4.74409323758,-0.0789979666603,-0.10492314423,0.0,434.5695797275728,433.9873922298096,435.47931152665745,434.6561805049478
2.4000000000000017,0.0357096563721,-0.535355192433,17.0071077666,6.20657155208,6.20717919493,0.0,0.379064383586,-0.773255248431,4.91397762595,-0.0656852435826,-0.0622410161918,0.0,477.915994433143,481.1522264217199,480.54087658559826,481.5451852162195
2.4600000000000017,0.0599911723595,-0.583303155851,17.3042433606,6.20292315349,6.20385930768,0.0,0.430636314066,-0.82535573616,4.99011472751,-0.0525017735445,-0.0442227049294,0.0,452.87234438333576,454.31742525305214,453.2900814958715,454.3458132069228
2.520000000000002,0.0873901282414,-0.634407497406,17.6054434391,6.2001754892,6.20137361078,0.0,0.482884119356,-0.878382240307,5.04954012164,-0.0349504906031,-0.0363565230871,0.0,449.64107770978364,450.2770754550247,448.0741738283266,449.4976725815891
2.580000000000002,0.117772139641,-0.688543721474,17.9077989731,6.19801940911,6.19880769157,0.0,0.530049096651,-0.926347554254,5.02899640277,-0.0379789916937,-0.060392399011,0.0,425.83000090991465,423.767303038055,423.92643808358457,423.66543954198676
2.640000000000002,0.150912808908,-0.745476458497,18.2075180799,6.1953231312,6.19485589841,0.0,0.574951639378,-0.97162536382,4.96185260396,-0.0648809647546,-0.0800030266426,0.0,409.8923084083348,408.1416904384555,409.1548135342767,406.75067180823777
2.700000000000002,0.187517981425,-0.80587220906,18.5110630184,6.19138854453,6.19070544911,0.0,0.645649390619,-1.04194003946,5.15530101185,-0.0670042903958,-0.0534163153677,0.0,488.71873323533566,490.69319563428274,490.30554084973676,490.14500568288076
2.760000000000002,0.228298864798,-0.870424049694,18.8245170587,6.1877330412,6.18759653249,0.0,0.713985684818,-1.11013803449,5.29239724103,-0.0509257489359,-0.0487924872422,0.0,475.1737284559788,475.52656282339547,474.95880933818023,476.18805339726896
2.820000000000002,0.272978931248,-0.938879265716,19.1434220668,6.18456378873,6.1843273555,0.0,0.775608325151,-1.17197456752,5.33743411662,-0.0569078339953,-0.0694110713764,0.0,449.0098977066029,447.33166731423984,449.7961165045455,449.30951615467404
2.880000000000002,0.321614195036,-1.01129782902,19.4669269587,6.18101918581,6.17969229887,0.0,0.845951079702,-1.24228258243,5.44538597195,-0.0638094340963,-0.101496404989,0.0,469.55771232991066,467.0567206177658,469.93217744275756,469.39455734950207
2.940000000000002,0.373946340224,-1.08739734699,19.7909403866,6.17715750162,6.17371108632,0.0,0.898936775941,-1.29469516333,5.35534026866,-0.0654882858454,-0.0962959651396,0.0,406.8315049892654,407.2874000398067,405.7769354069918,405.6226951275992
3.000000000000002,0.430138353044,-1.16726980734,20.1148459424,6.17340817031,6.16833533732,0.0,0.974626953724,-1.36805417822,5.44090018161,-0.0570815295863,-0.078764951918,0.0,462.39355892722233,463.76629280968746,462.772966183798,463.4316617205844
3.0600000000000023,0.490991253463,-1.25163276198,20.4439878813,6.17018812231,6.16338169253,0.0,1.05422184183,-1.44432553272,5.52986486659,-0.0475921662456,-0.0914979571523,0.0,465.6687269862962,464.6661657004864,465.21465844623174,465.95543150847715
3.1200000000000023,0.556594462863,-1.3405171212,20.7773974424,6.16679367878,6.15798837684,0.0,1.1330207108,-1.51873705954,5.58331506509,-0.0884091777312,-0.0868519367328,0.0,455.81565530486165,456.18032342419025,457.0948632742796,453.8271109952004
3.1800000000000024,0.626772867463,-1.43370669029,21.1119944444,6.1616485542,6.15280354079,0.0,1.20669134528,-1.58802749782,5.56975343391,-0.0809098991333,-0.0855525850985,0.0,435.71892614657423,435.82123712089276,434.6601745427042,435.28207138643074
3.2400000000000024,0.701046492827,-1.53076047253,21.4426492225,6.15692838536,6.14735448093,0.0,1.26952037662,-1.64750095795,5.45244585321,-0.0745304062259,-0.104252896207,0.0,401.0293064346789,399.31852819910813,400.2551648127912,400.82976682254116
3.3000000000000025,0.7802890446,-1.63248004262,21.77430847,6.15297374803,6.14097478011,0.0,1.37245970281,-1.74350000606,5.60180661837,-0.052663141605,-0.11083674808,0.0,485.35139672551384,484.8480357962792,485.1279459331544,486.76439521992205
3.3600000000000025,0.865014725774,-1.73928830033,22.1091625588,6.15103354228,6.13389353005,0.0,1.45228646199,-1.81699351957,5.55995911059,-0.0081804960456,-0.138963027994,0.0,429.35643297129116,426.94926896987414,425.6905469420382,429.4800086456223
3.4200000000000026,0.955059122051,-1.85088874386,22.4441490965,6.15115159853,6.12555278633,0.0,1.54991574606,-1.90300075226,5.60574773268,0.0169866009087,-0.139111200328,0.0,456.36218825131635,456.33298183091756,455.3094495573747,457.3188763965748
3.4800000000000026,1.05105999917,-1.96759809271,22.7814910543,6.15173891283,6.11734205393,0.0,1.65081846883,-1.98721093676,5.63854289675,-0.0112541646719,-0.132665304883,0.0,452.60388731680047,453.1055077934743,454.87732493242174,452.60963830633017
3.5400000000000027,1.15273345316,-2.08894597008,23.1176501636,6.15101121422,6.10896364441,0.0,1.73894589568,-2.05782305786,5.56685096331,-0.013936528721,-0.159626223005,0.0,422.10145267932137,419.74774875367956,419.09253754932615,418.8593848768195
3.6000000000000028,1.26055019491,-2.21508305894,23.453509919,6.15022303641,6.09942881636,0.0,1.85576824862,-2.14677440191,5.62778232968,-0.0115820610615,-0.157527509231,0.0,463.3359579985136,463.47812745119745,462.5160769801359,462.70163380002657
3.660000000000003,1.37455814736,-2.34586703874,23.7876936446,6.14926066999,6.09004269496,0.0,1.94522623724,-2.21282952819,5.51195126666,-0.0269119721724,-0.154338574179,0.0,405.5545339140379,405.8152040047583,406.86878894090955,405.4936808575303
3.720000000000003,1.49556438783,-2.48165286509,24.1224334204,6.14768692131,6.08042014812,0.0,2.08912444371,-2.31342458264,5.64488069116,-0.024897487463,-0.176536607564,0.0,487.6315682844875,485.94774858892345,484.9619862194328,485.1132254579189
3.780000000000003,1.62450094998,-2.62291422028,24.4607311311,6.14609781383,6.07007114151,0.0,2.20960549296,-2.395414565,5.63132436613,-0.0298656124215,-0.165418037228,0.0,441.8054983372507,442.69263596315153,443.4214319724241,443.0128706389114
3.840000000000003,1.76096384269,-2.76920419021,24.7987319986,6.14488852288,6.06010339748,0.0,2.33995310483,-2.4810282198,5.63487164492,-0.00562973902116,-0.16758837333,0.0,449.5707789080281,449.36881642179543,447.83733900919754,449.80472506773276
3.900000000000003,1.90524848957,-2.92054887125,25.1361516795,6.14431437744,6.05010484291,0.0,2.47032313597,-2.56383974914,5.61209658318,-0.0189196870496,-0.164817534346,0.0,442.2529849416415,442.454516511872,441.465653375123,440.3675490405823
3.960000000000003,2.05841732939,-3.07739985732,25.4758740159,6.14284024441,6.04038498851,0.0,2.63607451989,-2.66455799848,5.71086146983,-0.0393406385155,-0.156888663317,0.0,481.26840273723855,481.8454745508178,480.90716120856894,479.35745146663976
4.020000000000002,2.22038350485,-3.23957805226,25.816141631,6.14101730844,6.03084512633,0.0,2.76351472089,-2.74158356612,5.63130374554,-0.0167290949224,-0.163583346222,0.0,426.03694292954395,425.4387353458474,424.83175748680594,426.7661967197029
4.080000000000001,2.39072623227,-3.4067303893,26.1538396785,6.13946708666,6.02086261972,0.0,2.91531754667,-2.83024550687,5.62474545925,-0.0587918286999,-0.17263266534,0.0,450.9716952557957,450.2138437293356,451.9337379223884,448.52934498416164
4.14,2.57068827392,-3.5794244392,26.4923435576,6.13686358142,6.01116939149,0.0,3.08414143252,-2.92643257486,5.65783826396,-0.0231722087897,-0.145538252956,0.0,463.7019203130713,465.8017445480475,462.7293556592504,465.52426113974326
4.199999999999998,2.76052447512,-3.75771746787,26.8312839461,6.13526445616,6.00249931813,0.0,3.2443397723,-3.01679025607,5.63965532468,-0.0347224594966,-0.142506187454,0.0,449.67338071391475,449.8997553776339,450.0979022609637,449.1617622011317
4.259999999999997,2.96019226875,-3.94151092615,27.1693636941,6.13293004068,5.99385296068,0.0,3.41183104207,-3.10982969039,5.62905841234,-0.0489634796319,-0.147510193976,0.0,452.98637905553016,452.5647044235214,454.5249772051485,453.38118754516546
4.319999999999996,3.17005395785,-4.1309395524,27.5067697244,6.12965594009,5.98487257127,0.0,3.58414412763,-3.20469484326,5.61713938114,-0.0691778318474,-0.154387546349,0.0,455.83847986098533,455.2679237050016,453.90543396689236,452.2778129424755
4.379999999999995,3.38986245809,-4.32586080864,27.8416901023,6.12558843801,5.97636774432,0.0,3.74339246693,-3.29301853904,5.54652479959,-0.0651556298741,-0.124123142431,0.0,433.9579786494352,436.47173905864804,437.1168958671352,437.4485064567089
4.439999999999993,3.61873972558,-4.52585505805,28.1704624242,6.12177748257,5.96908020781,0.0,3.88635967382,-3.37381308955,5.4126374539,-0.0604245427519,-0.116606372996,0.0,415.08761319466987,415.73243818287284,413.9923032369863,414.4052347751378
4.499999999999992,3.85704795965,-4.73114048517,28.4934945133,6.11825885227,5.96188309461,0.0,4.05765710159,-3.46933887386,5.35468703588,-0.055302522773,-0.127652513881,0.0,441.17777225222676,440.25133715993957,441.48319023988705,441.90328849136597
4.559999999999991,4.10589380789,-4.9423033193,28.8134779775,6.11470946715,5.95423099738,0.0,4.23763007963,-3.5697042283,5.31087863747,-0.0682594519406,-0.12730110717,0.0,447.0857438966905,447.09964443032646,447.3626141759858,446.30357190719775
4.6199999999999894,4.36603972357,-5.15975360499,29.1319195193,6.11118542095,5.94693394586,0.0,4.43425126655,-3.67892580377,5.30302037685,-0.0444245912183,-0.112168649883,0.0,459.92488147783115,461.10918769566047,458.8828925834428,460.76904560060007
4.679999999999988,4.63773333515,-5.38365475497,29.4488464153,6.10855853671,5.93992979044,0.0,4.62252151213,-3.78467510463,5.2606429805,-0.0425254592752,-0.127930861689,0.0,451.0749301108089,449.78770339281505,450.40968379678986,450.5622425568241
4.739999999999987,4.92175384825,-5.61441222238,29.7657511021,6.10674517936,5.9318473817,0.0,4.84511875749,-3.90735111387,5.30166268487,-0.0129231879692,-0.153828443903,0.0,480.29691730509626,478.31242981265905,477.53651592050556,479.7894463859928
4.799999999999986,5.21731553726,-5.85164459569,30.0798459904,6.1060964542,5.92284721498,0.0,5.00750128395,-4.0005682505,5.16811588578,-0.00689293814528,-0.143286361772,0.0,421.64201970468184,422.52953351768366,423.0883353917838,423.60748112964575
4.859999999999984,5.52446084619,-6.09530981517,30.3904178434,6.10562734966,5.91405110191,0.0,5.23102446015,-4.1215965803,5.1832087024,-0.0097368012279,-0.154220367661,0.0,474.5678570268681,473.70885829526844,473.02942087520967,472.8104350057543
4.919999999999983,5.84456408595,-6.345995856,30.7003459297,6.10606279049,5.90547449059,0.0,5.43948005419,-4.23461857396,5.14697870521,0.0288431369541,-0.126715914773,0.0,458.0832244076294,460.2468484749504,457.36067717644755,460.4239865544483
4.979999999999982,6.17794677499,-6.60376655203,31.0096929553,6.10800064955,5.89790072938,0.0,5.67346999707,-4.35755780504,5.16356751842,0.0384382676874,-0.125274530549,0.0,477.92863916744227,478.02523051187126,477.43142054352853,478.1634412602724
5.0399999999999805,6.52501566585,-6.86870787042,31.3188863696,6.11074761826,5.89033489712,0.0,5.89571698661,-4.47364903266,5.14212086247,0.0574545842952,-0.127793713679,0.0,466.93582287897806,466.7255496329908,467.77640371458716,469.25638991087555
